captures=5

[capture 1]
protocol=UNKNOWN
bits=100
duration_us=179750
summary_hash=0X5E7E4778
analyzer_hash=0X6B548451
timing_count=200
timings_us=-3276750,4400,-4400,550,-1650,550,-550,500,-1600,550,-1650,550,-550,500,-600,500,-1600,550,-550,550,-550,500,-1650,550,-550,550,-550,500,-1600,550,-1650,550,-550,500,-1650,550,-550,500,-1650,550,-1600,550,-1600,550,-1600,550,-600,500,-1650,500,-1650,550,-1600,550,-550,550,-550,500,-600,500,-550,550,-1600,550,-550,500,-600,500,-1650,500,-1650,550,-1600,550,-550,550,-550,500,-600,500,-550,550,-550,500,-550,550,-550,550,-550,500,-1650,500,-1650,550,-1600,550,-1650,500,-1650,550,-5200,4400,-4450,500,-1650,550,-550,500,-1650,500,-1650,500,-600,500,-600,500,-1650,500,-600,500,-600,450,-1650,500,-600,550,-550,500,-1650,500,-1650,500,-600,500,-1650,550,-550,500,-1650,500,-1650,500,-1650,550,-1650,500,-600,500,-1650,500,-1650,550,-1600,550,-600,450,-600,500,-600,450,-600,550,-1600,550,-550,500,-600,500,-1650,500,-1650,550,-1600,550,-550,500,-600,500,-550,500,-600,550,-550,500,-550,550,-550,500,-600,500,-1650,500,-1650,550,-1600,550,-1650,500,-1650,500

[capture 2]
protocol=UNKNOWN
bits=150
duration_us=261450
summary_hash=0X2E6A2116
analyzer_hash=0XF74D3E05
timing_count=300
timings_us=-3276750,4400,-4450,500,-1650,550,-550,500,-1600,550,-1650,550,-550,500,-600,500,-1600,550,-550,550,-550,550,-1600,550,-550,550,-550,500,-1600,600,-1600,550,-550,500,-1650,550,-1600,550,-600,500,-1600,550,-1600,550,-1600,600,-1600,550,-1600,550,-1600,600,-500,550,-1650,500,-600,500,-550,550,-550,500,-550,550,-550,550,-550,500,-1650,500,-1650,550,-1600,550,-600,500,-550,500,-1650,550,-550,550,-500,550,-550,550,-550,500,-600,500,-1600,550,-1650,550,-550,500,-1650,500,-1650,550,-5200,4450,-4400,500,-1650,550,-550,550,-1600,550,-1600,550,-550,550,-550,550,-1600,550,-550,500,-600,450,-1650,550,-550,550,-550,500,-1650,550,-1600,550,-550,500,-1650,550,-1600,550,-600,450,-1700,500,-1650,500,-1650,500,-1650,550,-1650,500,-1650,500,-600,500,-1650,500,-600,500,-600,500,-550,500,-600,500,-550,500,-600,500,-1650,500,-1650,550,-1600,550,-600,450,-600,500,-1650,550,-550,500,-550,550,-550,500,-600,500,-600,500,-1650,500,-1650,500,-550,550,-1650,500,-1650,550,-5200,4400,-4450,500,-1650,500,-1650,550,-550,550,-1650,500,-550,500,-1650,550,-550,550,-1600,550,-550,500,-1650,500,-1650,550,-550,550,-550,500,-1650,500,-1650,550,-550,500,-600,500,-550,550,-600,450,-600,500,-600,450,-600,500,-600,500,-550,550,-550,500,-600,500,-600,450,-600,500,-600,500,-550,500,-600,500,-600,500,-600,450,-600,500,-600,450,-600,500,-600,500,-600,450,-600,500,-600,500,-600,450,-600,500,-1700,450,-1700,450,-1750,450,-600,450,-1750,450,-1700,450

[capture 3]
protocol=UNKNOWN
bits=150
duration_us=261500
summary_hash=0X8805A697
analyzer_hash=0X430C59EB
timing_count=300
timings_us=-3276750,4450,-4400,550,-1600,550,-550,550,-1600,550,-1650,500,-600,500,-550,550,-1600,550,-550,550,-550,500,-1650,500,-600,500,-550,550,-1600,550,-1650,500,-600,500,-1600,600,-500,550,-550,550,-550,500,-1650,500,-1650,550,-1600,550,-1650,500,-1650,550,-1600,550,-1650,500,-1650,500,-600,550,-500,550,-550,550,-550,500,-600,450,-600,500,-600,500,-550,550,-1600,550,-1650,500,-600,450,-600,500,-600,500,-1650,500,-1650,500,-1650,500,-600,550,-550,500,-1650,500,-1650,500,-1650,550,-5250,4400,-4400,550,-1650,500,-600,500,-1600,550,-1650,500,-600,500,-550,550,-1600,550,-550,500,-600,500,-1650,500,-600,500,-550,550,-1600,550,-1650,500,-600,500,-1650,500,-550,550,-550,500,-600,500,-1650,500,-1650,550,-1600,550,-1650,500,-1650,550,-1600,550,-1650,500,-1650,500,-600,500,-550,550,-550,500,-600,500,-600,450,-600,500,-600,500,-600,500,-1650,500,-1650,500,-600,500,-600,450,-600,500,-1650,500,-1700,450,-1700,500,-600,500,-550,500,-1650,500,-1700,500,-1650,500,-5250,4400,-4500,400,-1750,450,-1700,450,-650,450,-1700,450,-650,450,-1700,450,-600,500,-1700,450,-650,450,-1700,450,-1700,450,-650,450,-600,450,-1750,450,-600,450,-1750,450,-600,450,-650,450,-1700,450,-650,450,-600,500,-600,450,-650,450,-600,450,-650,450,-650,450,-600,450,-650,450,-650,450,-600,450,-650,450,-650,450,-600,450,-650,450,-650,450,-600,450,-650,450,-600,500,-600,450,-650,450,-600,450,-1750,450,-600,450,-1750,450,-1700,450,-650,450,-1700,450,-650,450

[capture 4]
protocol=UNKNOWN
bits=150
duration_us=260350
summary_hash=0XE14BFE0B
analyzer_hash=0XF13C14E5
timing_count=300
timings_us=-3276750,4400,-4400,550,-1650,550,-500,550,-1600,550,-1650,500,-600,500,-550,550,-1600,550,-550,550,-550,500,-1650,500,-600,550,-500,550,-1600,550,-1650,500,-600,500,-1600,600,-550,500,-550,550,-550,500,-1650,500,-1650,550,-1650,500,-1650,500,-1650,550,-1600,550,-1650,500,-1650,500,-600,550,-500,550,-550,550,-550,500,-600,450,-600,500,-600,450,-1700,550,-1600,550,-1650,450,-600,500,-600,500,-550,550,-1600,550,-1650,500,-600,450,-600,550,-550,500,-1650,500,-1650,500,-1650,550,-5250,4400,-4450,500,-1650,500,-550,550,-1600,550,-1650,500,-600,500,-550,550,-1600,550,-550,500,-600,500,-1650,500,-600,500,-550,550,-1600,550,-1650,500,-550,550,-1650,500,-550,550,-550,500,-600,500,-1650,500,-1650,550,-1600,550,-1650,500,-1650,550,-1600,550,-1650,500,-1650,500,-600,500,-600,500,-550,500,-600,500,-600,450,-600,500,-600,450,-1700,500,-1650,500,-1700,450,-600,500,-600,500,-600,500,-1650,500,-1650,500,-600,450,-650,500,-550,500,-1650,500,-1700,450,-1700,500,-5300,4300,-4550,400,-1750,450,-1700,450,-600,500,-1700,450,-650,400,-1750,450,-600,500,-1700,450,-650,400,-1750,450,-1700,450,-600,500,-600,450,-1750,450,-600,450,-1700,500,-600,450,-650,450,-650,400,-650,450,-650,450,-600,500,-600,450,-650,450,-600,450,-650,450,-650,450,-600,450,-650,450,-650,450,-600,450,-650,450,-650,450,-600,450,-650,450,-650,450,-650,400,-650,450,-650,400,-700,400,-650,450,-650,400,-1750,450,-1700,450,-1750,400,-650,450,-1750,400,-650,450

[capture 5]
protocol=UNKNOWN
bits=150
duration_us=261450
summary_hash=0X8805A697
analyzer_hash=0X6546725D
timing_count=300
timings_us=-3276750,4400,-4450,500,-1650,550,-550,500,-1600,600,-1600,550,-550,500,-600,500,-1600,600,-500,550,-550,550,-1600,550,-550,550,-550,500,-1600,600,-1600,550,-550,500,-1650,550,-550,550,-500,550,-550,550,-1600,550,-1600,550,-1600,600,-1600,550,-1600,550,-1600,550,-1650,550,-1650,500,-550,550,-550,500,-550,550,-550,550,-550,500,-600,500,-550,500,-600,500,-1600,550,-1650,550,-550,500,-600,500,-550,550,-1600,550,-1650,500,-1650,500,-600,500,-550,550,-1600,550,-1650,500,-1650,550,-5200,4400,-4450,500,-1650,550,-550,500,-1650,500,-1650,500,-600,500,-600,500,-1650,500,-550,550,-600,450,-1650,500,-600,550,-550,500,-1650,500,-1650,500,-600,500,-1650,550,-550,500,-550,550,-600,450,-1650,500,-1650,550,-1650,500,-1650,500,-1650,550,-1650,500,-1650,500,-1650,500,-600,550,-500,550,-550,550,-550,500,-600,500,-550,500,-600,500,-550,550,-1650,500,-1650,500,-600,500,-550,500,-600,500,-1650,550,-1650,500,-1650,500,-600,500,-550,500,-1700,500,-1650,500,-1650,500,-5300,4350,-4450,500,-1650,500,-1700,500,-550,500,-1700,450,-600,500,-1700,450,-600,500,-1700,450,-650,450,-1700,450,-1700,450,-650,450,-600,500,-1700,450,-600,450,-1750,450,-600,450,-650,450,-1700,450,-650,450,-650,450,-600,450,-650,450,-600,500,-600,450,-650,450,-600,450,-650,450,-650,450,-600,450,-650,450,-650,450,-600,450,-650,450,-650,450,-600,450,-650,450,-600,500,-600,450,-650,450,-650,400,-1750,450,-600,500,-1700,450,-1700,450,-650,450,-1700,450,-600,500
